(259, 99)
(218, 100)
(258, 100)
(218, 103)
(203, 126)
(282, 126)
(202, 127)
(281, 134)
(257, 158)
(301, 171)
(199, 206)
(406, 206)
(199, 207)
(408, 207)
(199, 208)
(239, 208)
(409, 208)
(199, 209)
(240, 209)
(410, 209)
(198, 210)
(241, 210)
(411, 210)
(197, 211)
(241, 211)
(411, 211)
(241, 212)
(410, 212)
(240, 213)
(409, 213)
(239, 214)
(408, 214)
(238, 215)
(390, 216)
(236, 224)
(161, 225)
(236, 225)
(162, 226)
(235, 226)
(162, 227)
(235, 227)
(162, 228)
(233, 228)
(160, 232)
(202, 237)
(264, 237)
(203, 238)
(265, 238)
(203, 239)
(266, 239)
(203, 240)
(265, 240)
(201, 243)
(251, 264)
(293, 264)
(251, 265)
(294, 265)
(251, 266)
(294, 266)
(250, 267)
(295, 267)
(250, 268)
(295, 268)
(249, 269)
(293, 271)
(358, 287)
(319, 345)